0.0
0.3
1.7
2.05
2.4
2.75
3.1
3.45
3.8
4.15
8.8
9.15
9.5
9.85
10.2
10.55
10.9
11.25
16.8
17.15
18.0
18.35
18.7
19.05
19.4
19.75
20.1
20.45
20.8
21.15
26.0
26.35
26.7
27.05
27.4
27.75
34.8
35.15
36.0
36.35
36.7
37.05
37.4
37.75
38.1
38.45
38.8
39.15
44.0
44.35
44.7
45.05
45.4
45.75
52.8
53.15
46.0
46.35
46.7
47.05
47.4
47.75
48.1
48.45
48.8
49.15
49.5
49.85
50.2
50.55
68.0
68.35
68.7
69.05
69.4
69.75
70.1
70.45
70.8
71.15
76.0
76.35
76.7
77.05
77.4
77.75
84.8
85.15
78.0
78.35
78.7
79.05
79.4
79.75
80.1
80.45
80.8
81.15
81.5
81.85
82.2
82.55
100.0
100.35
100.7
101.05
101.4
101.75
102.1
102.45
102.8
103.15
108.0
108.35
108.7
109.05
109.4
109.75
